	224324	608538	436114	438753	176299	272947	407148	387092	290398	511145	99287	58051	357804	208964	259536	272843	267608	525909	290399	196627	561304	757418	266940	206672	521003	469383	266117	441768	272635	565575	224326	243276	355276	224308	420246	221109	158879	321967	299768	272562	246194	580331	309798	226186	518766	517418	324602	243164	497964	481448	115713	765952	313628	469381	525903	243230	649638	504728	526227	498848	300852	309799	445932	381764	521045	403833	484019	243274	390874	190304	523794	519441	526218	379066	330214	289376	103690	1148	521674	243090	653733	447454	525904	439481	224325	64091	362976	348780	188937	192952	259564	547558	349307	456442	419665	243232	190192	420247	187420	272844	186497	70601	593117	273075	273116	272557	453591	399550	415426	666510	399549	273057	178306	368408	414004	436308	374847	228908	9606	559292
	
224324	2(2)	
608538	6(2)	6(2)	
436114	6(2)	6(2)	6(2)	
438753	6(2)	6(2)	6(2)	2(1)	
176299	6(2)	6(2)	6(2)	3(1)	3(1)	
272947	6(2)	6(2)	6(2)	3(1)	3(1)	3(1)	
407148	6(2)	6(2)	6(2)	3(1)	3(1)	3(1)	3(1)	
387092	6(2)	6(2)	6(2)	3(1)	3(1)	3(1)	3(1)	3(1)	
290398	6(2)	6(2)	6(2)	3(1)	3(1)	3(1)	3(1)	3(1)	3(1)	
511145	6(2)	6(2)	6(2)	3(1)	3(1)	3(1)	3(1)	3(1)	3(1)	2(1)	
99287	6(2)	6(2)	6(2)	3(1)	3(1)	3(1)	3(1)	3(1)	3(1)	2(1)	2(1)	
58051	6(2)	6(2)	6(2)	3(1)	3(1)	3(1)	3(1)	3(1)	3(1)	2(1)	2(1)	2(1)	
357804	6(2)	6(2)	6(2)	3(1)	3(1)	3(1)	3(1)	3(1)	3(1)	2(1)	2(1)	2(1)	2(1)	
208964	6(2)	6(2)	6(2)	3(1)	3(1)	3(1)	3(1)	3(1)	3(1)	2(1)	2(1)	2(1)	2(1)	2(1)	
259536	6(2)	6(2)	6(2)	3(1)	3(1)	3(1)	3(1)	3(1)	3(1)	3(1)	3(1)	3(1)	3(1)	3(1)	3(1)	
272843	6(2)	6(2)	6(2)	6(2)	6(2)	6(2)	6(2)	6(2)	6(2)	6(2)	6(2)	6(2)	6(2)	6(2)	6(2)	6(2)	
267608	6(2)	6(2)	6(2)	6(2)	6(2)	6(2)	6(2)	6(2)	6(2)	6(2)	6(2)	6(2)	6(2)	6(2)	6(2)	6(2)	6(2)	
525909	6(2)	6(2)	6(2)	6(2)	6(2)	6(2)	6(2)	6(2)	6(2)	6(2)	6(2)	6(2)	6(2)	6(2)	6(2)	6(2)	6(2)	6(2)	
290399	6(2)	6(2)	6(2)	6(2)	6(2)	6(2)	6(2)	6(2)	6(2)	6(2)	6(2)	6(2)	6(2)	6(2)	6(2)	6(2)	6(2)	6(2)	4(1)	
196627	6(2)	6(2)	6(2)	6(2)	6(2)	6(2)	6(2)	6(2)	6(2)	6(2)	6(2)	6(2)	6(2)	6(2)	6(2)	6(2)	6(2)	6(2)	4(1)	3(1)	
561304	6(2)	6(2)	6(2)	6(2)	6(2)	6(2)	6(2)	6(2)	6(2)	6(2)	6(2)	6(2)	6(2)	6(2)	6(2)	6(2)	6(2)	6(2)	4(1)	3(1)	2(1)	
757418	6(2)	6(2)	6(2)	6(2)	6(2)	6(2)	6(2)	6(2)	6(2)	6(2)	6(2)	6(2)	6(2)	6(2)	6(2)	6(2)	6(2)	6(2)	4(1)	4(1)	4(1)	4(1)	
266940	6(2)	6(2)	6(2)	6(2)	6(2)	6(2)	6(2)	6(2)	6(2)	6(2)	6(2)	6(2)	6(2)	6(2)	6(2)	6(2)	6(2)	6(2)	5(1)	5(1)	5(1)	5(1)	5(1)	
206672	6(2)	6(2)	6(2)	6(2)	6(2)	6(2)	6(2)	6(2)	6(2)	6(2)	6(2)	6(2)	6(2)	6(2)	6(2)	6(2)	6(2)	6(2)	5(1)	5(1)	5(1)	5(1)	5(1)	5(1)	
521003	6(2)	6(2)	6(2)	6(2)	6(2)	6(2)	6(2)	6(2)	6(2)	6(2)	6(2)	6(2)	6(2)	6(2)	6(2)	6(2)	6(2)	6(2)	5(1)	5(1)	5(1)	5(1)	5(1)	5(1)	5(1)	
469383	6(2)	6(2)	6(2)	6(2)	6(2)	6(2)	6(2)	6(2)	6(2)	6(2)	6(2)	6(2)	6(2)	6(2)	6(2)	6(2)	6(2)	6(2)	5(1)	5(1)	5(1)	5(1)	5(1)	5(1)	5(1)	5(1)	
266117	6(2)	6(2)	6(2)	6(2)	6(2)	6(2)	6(2)	6(2)	6(2)	6(2)	6(2)	6(2)	6(2)	6(2)	6(2)	6(2)	6(2)	6(2)	6(2)	6(2)	6(2)	6(2)	6(2)	6(2)	6(2)	6(2)	6(2)	
441768	6(2)	6(2)	6(2)	6(2)	6(2)	6(2)	6(2)	6(2)	6(2)	6(2)	6(2)	6(2)	6(2)	6(2)	6(2)	6(2)	6(2)	6(2)	6(2)	6(2)	6(2)	6(2)	6(2)	6(2)	6(2)	6(2)	6(2)	6(2)	
272635	6(2)	6(2)	6(2)	6(2)	6(2)	6(2)	6(2)	6(2)	6(2)	6(2)	6(2)	6(2)	6(2)	6(2)	6(2)	6(2)	6(2)	6(2)	6(2)	6(2)	6(2)	6(2)	6(2)	6(2)	6(2)	6(2)	6(2)	6(2)	2()	
565575	6(2)	6(2)	6(2)	6(2)	6(2)	6(2)	6(2)	6(2)	6(2)	6(2)	6(2)	6(2)	6(2)	6(2)	6(2)	6(2)	6(2)	6(2)	6(2)	6(2)	6(2)	6(2)	6(2)	6(2)	6(2)	6(2)	6(2)	6(2)	6(2)	6(2)	
224326	6(2)	6(2)	6(2)	6(2)	6(2)	6(2)	6(2)	6(2)	6(2)	6(2)	6(2)	6(2)	6(2)	6(2)	6(2)	6(2)	6(2)	6(2)	6(2)	6(2)	6(2)	6(2)	6(2)	6(2)	6(2)	6(2)	6(2)	6(2)	6(2)	6(2)	2()	
243276	6(2)	6(2)	6(2)	6(2)	6(2)	6(2)	6(2)	6(2)	6(2)	6(2)	6(2)	6(2)	6(2)	6(2)	6(2)	6(2)	6(2)	6(2)	6(2)	6(2)	6(2)	6(2)	6(2)	6(2)	6(2)	6(2)	6(2)	6(2)	6(2)	6(2)	6(2)	6(2)	
355276	6(2)	6(2)	6(2)	6(2)	6(2)	6(2)	6(2)	6(2)	6(2)	6(2)	6(2)	6(2)	6(2)	6(2)	6(2)	6(2)	6(2)	6(2)	6(2)	6(2)	6(2)	6(2)	6(2)	6(2)	6(2)	6(2)	6(2)	6(2)	6(2)	6(2)	6(2)	6(2)	6(2)	
224308	6(2)	6(2)	6(2)	6(2)	6(2)	6(2)	6(2)	6(2)	6(2)	6(2)	6(2)	6(2)	6(2)	6(2)	6(2)	6(2)	6(2)	6(2)	6(2)	6(2)	6(2)	6(2)	6(2)	6(2)	6(2)	6(2)	6(2)	6(2)	6(2)	6(2)	6(2)	6(2)	6(2)	2()	
420246	6(2)	6(2)	6(2)	6(2)	6(2)	6(2)	6(2)	6(2)	6(2)	6(2)	6(2)	6(2)	6(2)	6(2)	6(2)	6(2)	6(2)	6(2)	6(2)	6(2)	6(2)	6(2)	6(2)	6(2)	6(2)	6(2)	6(2)	6(2)	6(2)	6(2)	6(2)	6(2)	6(2)	2()	2()	
221109	6(2)	6(2)	6(2)	6(2)	6(2)	6(2)	6(2)	6(2)	6(2)	6(2)	6(2)	6(2)	6(2)	6(2)	6(2)	6(2)	6(2)	6(2)	6(2)	6(2)	6(2)	6(2)	6(2)	6(2)	6(2)	6(2)	6(2)	6(2)	6(2)	6(2)	6(2)	6(2)	6(2)	3(1)	3(1)	3(1)	
158879	6(2)	6(2)	6(2)	6(2)	6(2)	6(2)	6(2)	6(2)	6(2)	6(2)	6(2)	6(2)	6(2)	6(2)	6(2)	6(2)	6(2)	6(2)	6(2)	6(2)	6(2)	6(2)	6(2)	6(2)	6(2)	6(2)	6(2)	6(2)	6(2)	6(2)	6(2)	6(2)	6(2)	3(1)	3(1)	3(1)	3(1)	
321967	6(2)	6(2)	6(2)	6(2)	6(2)	6(2)	6(2)	6(2)	6(2)	6(2)	6(2)	6(2)	6(2)	6(2)	6(2)	6(2)	6(2)	6(2)	6(2)	6(2)	6(2)	6(2)	6(2)	6(2)	6(2)	6(2)	6(2)	6(2)	6(2)	6(2)	6(2)	6(2)	6(2)	3(1)	3(1)	3(1)	3(1)	3(1)	
299768	6(2)	6(2)	6(2)	6(2)	6(2)	6(2)	6(2)	6(2)	6(2)	6(2)	6(2)	6(2)	6(2)	6(2)	6(2)	6(2)	6(2)	6(2)	6(2)	6(2)	6(2)	6(2)	6(2)	6(2)	6(2)	6(2)	6(2)	6(2)	6(2)	6(2)	6(2)	6(2)	6(2)	4(1)	4(1)	4(1)	4(1)	4(1)	4(1)	
272562	6(2)	6(2)	6(2)	6(2)	6(2)	6(2)	6(2)	6(2)	6(2)	6(2)	6(2)	6(2)	6(2)	6(2)	6(2)	6(2)	6(2)	6(2)	6(2)	6(2)	6(2)	6(2)	6(2)	6(2)	6(2)	6(2)	6(2)	6(2)	6(2)	6(2)	6(2)	6(2)	6(2)	4(1)	4(1)	4(1)	4(1)	4(1)	4(1)	4(1)	
246194	6(2)	6(2)	6(2)	6(2)	6(2)	6(2)	6(2)	6(2)	6(2)	6(2)	6(2)	6(2)	6(2)	6(2)	6(2)	6(2)	6(2)	6(2)	6(2)	6(2)	6(2)	6(2)	6(2)	6(2)	6(2)	6(2)	6(2)	6(2)	6(2)	6(2)	6(2)	6(2)	6(2)	4(1)	4(1)	4(1)	4(1)	4(1)	4(1)	4(1)	2()	
580331	6(2)	6(2)	6(2)	6(2)	6(2)	6(2)	6(2)	6(2)	6(2)	6(2)	6(2)	6(2)	6(2)	6(2)	6(2)	6(2)	6(2)	6(2)	6(2)	6(2)	6(2)	6(2)	6(2)	6(2)	6(2)	6(2)	6(2)	6(2)	6(2)	6(2)	6(2)	6(2)	6(2)	4(1)	4(1)	4(1)	4(1)	4(1)	4(1)	4(1)	3()	3()	
309798	6(2)	6(2)	6(2)	6(2)	6(2)	6(2)	6(2)	6(2)	6(2)	6(2)	6(2)	6(2)	6(2)	6(2)	6(2)	6(2)	6(2)	6(2)	6(2)	6(2)	6(2)	6(2)	6(2)	6(2)	6(2)	6(2)	6(2)	6(2)	6(2)	6(2)	6(2)	6(2)	6(2)	6(2)	6(2)	6(2)	6(2)	6(2)	6(2)	6(2)	6(2)	6(2)	6(2)	
226186	6(2)	6(2)	6(2)	6(2)	6(2)	6(2)	6(2)	6(2)	6(2)	6(2)	6(2)	6(2)	6(2)	6(2)	6(2)	6(2)	6(2)	6(2)	6(2)	6(2)	6(2)	6(2)	6(2)	6(2)	6(2)	6(2)	6(2)	6(2)	6(2)	6(2)	6(2)	6(2)	6(2)	6(2)	6(2)	6(2)	6(2)	6(2)	6(2)	6(2)	6(2)	6(2)	6(2)	2()	
518766	6(2)	6(2)	6(2)	6(2)	6(2)	6(2)	6(2)	6(2)	6(2)	6(2)	6(2)	6(2)	6(2)	6(2)	6(2)	6(2)	6(2)	6(2)	6(2)	6(2)	6(2)	6(2)	6(2)	6(2)	6(2)	6(2)	6(2)	6(2)	6(2)	6(2)	6(2)	6(2)	6(2)	6(2)	6(2)	6(2)	6(2)	6(2)	6(2)	6(2)	6(2)	6(2)	6(2)	6(2)	6(2)	
517418	6(2)	6(2)	6(2)	6(2)	6(2)	6(2)	6(2)	6(2)	6(2)	6(2)	6(2)	6(2)	6(2)	6(2)	6(2)	6(2)	6(2)	6(2)	6(2)	6(2)	6(2)	6(2)	6(2)	6(2)	6(2)	6(2)	6(2)	6(2)	6(2)	6(2)	6(2)	6(2)	6(2)	6(2)	6(2)	6(2)	6(2)	6(2)	6(2)	6(2)	6(2)	6(2)	6(2)	6(2)	6(2)	6(2)	
324602	6(2)	6(2)	6(2)	6(2)	6(2)	6(2)	6(2)	6(2)	6(2)	6(2)	6(2)	6(2)	6(2)	6(2)	6(2)	6(2)	6(2)	6(2)	6(2)	6(2)	6(2)	6(2)	6(2)	6(2)	6(2)	6(2)	6(2)	6(2)	6(2)	6(2)	6(2)	6(2)	6(2)	6(2)	6(2)	6(2)	6(2)	6(2)	6(2)	6(2)	6(2)	6(2)	6(2)	6(2)	6(2)	6(2)	6(2)	
243164	6(2)	6(2)	6(2)	6(2)	6(2)	6(2)	6(2)	6(2)	6(2)	6(2)	6(2)	6(2)	6(2)	6(2)	6(2)	6(2)	6(2)	6(2)	6(2)	6(2)	6(2)	6(2)	6(2)	6(2)	6(2)	6(2)	6(2)	6(2)	6(2)	6(2)	6(2)	6(2)	6(2)	6(2)	6(2)	6(2)	6(2)	6(2)	6(2)	6(2)	6(2)	6(2)	6(2)	6(2)	6(2)	6(2)	6(2)	6(2)	
497964	6(2)	6(2)	6(2)	6(2)	6(2)	6(2)	6(2)	6(2)	6(2)	6(2)	6(2)	6(2)	6(2)	6(2)	6(2)	6(2)	6(2)	6(2)	6(2)	6(2)	6(2)	6(2)	6(2)	6(2)	6(2)	6(2)	6(2)	6(2)	6(2)	6(2)	6(2)	6(2)	6(2)	6(2)	6(2)	6(2)	6(2)	6(2)	6(2)	6(2)	6(2)	6(2)	6(2)	6(2)	6(2)	6(2)	6(2)	6(2)	2(1)	
481448	6(2)	6(2)	6(2)	6(2)	6(2)	6(2)	6(2)	6(2)	6(2)	6(2)	6(2)	6(2)	6(2)	6(2)	6(2)	6(2)	6(2)	6(2)	6(2)	6(2)	6(2)	6(2)	6(2)	6(2)	6(2)	6(2)	6(2)	6(2)	6(2)	6(2)	6(2)	6(2)	6(2)	6(2)	6(2)	6(2)	6(2)	6(2)	6(2)	6(2)	6(2)	6(2)	6(2)	6(2)	6(2)	6(2)	6(2)	6(2)	2(1)	2(1)	
115713	6(2)	6(2)	6(2)	6(2)	6(2)	6(2)	6(2)	6(2)	6(2)	6(2)	6(2)	6(2)	6(2)	6(2)	6(2)	6(2)	6(2)	6(2)	6(2)	6(2)	6(2)	6(2)	6(2)	6(2)	6(2)	6(2)	6(2)	6(2)	6(2)	6(2)	6(2)	6(2)	6(2)	6(2)	6(2)	6(2)	6(2)	6(2)	6(2)	6(2)	6(2)	6(2)	6(2)	6(2)	6(2)	6(2)	6(2)	6(2)	2(1)	2(1)	2(1)	
765952	6(2)	6(2)	6(2)	6(2)	6(2)	6(2)	6(2)	6(2)	6(2)	6(2)	6(2)	6(2)	6(2)	6(2)	6(2)	6(2)	6(2)	6(2)	6(2)	6(2)	6(2)	6(2)	6(2)	6(2)	6(2)	6(2)	6(2)	6(2)	6(2)	6(2)	6(2)	6(2)	6(2)	6(2)	6(2)	6(2)	6(2)	6(2)	6(2)	6(2)	6(2)	6(2)	6(2)	6(2)	6(2)	6(2)	6(2)	6(2)	6(2)	6(2)	6(2)	6(2)	
313628	6(2)	6(2)	6(2)	6(2)	6(2)	6(2)	6(2)	6(2)	6(2)	6(2)	6(2)	6(2)	6(2)	6(2)	6(2)	6(2)	6(2)	6(2)	6(2)	6(2)	6(2)	6(2)	6(2)	6(2)	6(2)	6(2)	6(2)	6(2)	6(2)	6(2)	6(2)	6(2)	6(2)	6(2)	6(2)	6(2)	6(2)	6(2)	6(2)	6(2)	6(2)	6(2)	6(2)	6(2)	6(2)	6(2)	6(2)	6(2)	6(2)	6(2)	6(2)	6(2)	6(2)	
469381	6(2)	6(2)	6(2)	6(2)	6(2)	6(2)	6(2)	6(2)	6(2)	6(2)	6(2)	6(2)	6(2)	6(2)	6(2)	6(2)	6(2)	6(2)	6(2)	6(2)	6(2)	6(2)	6(2)	6(2)	6(2)	6(2)	6(2)	6(2)	6(2)	6(2)	6(2)	6(2)	6(2)	6(2)	6(2)	6(2)	6(2)	6(2)	6(2)	6(2)	6(2)	6(2)	6(2)	6(2)	6(2)	6(2)	6(2)	6(2)	6(2)	6(2)	6(2)	6(2)	6(2)	6(2)	
525903	6(2)	6(2)	6(2)	6(2)	6(2)	6(2)	6(2)	6(2)	6(2)	6(2)	6(2)	6(2)	6(2)	6(2)	6(2)	6(2)	6(2)	6(2)	6(2)	6(2)	6(2)	6(2)	6(2)	6(2)	6(2)	6(2)	6(2)	6(2)	6(2)	6(2)	6(2)	6(2)	6(2)	6(2)	6(2)	6(2)	6(2)	6(2)	6(2)	6(2)	6(2)	6(2)	6(2)	6(2)	6(2)	6(2)	6(2)	6(2)	6(2)	6(2)	6(2)	6(2)	6(2)	6(2)	6(2)	
243230	6(2)	6(2)	6(2)	6(2)	6(2)	6(2)	6(2)	6(2)	6(2)	6(2)	6(2)	6(2)	6(2)	6(2)	6(2)	6(2)	6(2)	6(2)	6(2)	6(2)	6(2)	6(2)	6(2)	6(2)	6(2)	6(2)	6(2)	6(2)	6(2)	6(2)	6(2)	6(2)	6(2)	6(2)	6(2)	6(2)	6(2)	6(2)	6(2)	6(2)	6(2)	6(2)	6(2)	6(2)	6(2)	6(2)	6(2)	6(2)	6(2)	6(2)	6(2)	6(2)	6(2)	6(2)	6(2)	3()	
649638	6(2)	6(2)	6(2)	6(2)	6(2)	6(2)	6(2)	6(2)	6(2)	6(2)	6(2)	6(2)	6(2)	6(2)	6(2)	6(2)	6(2)	6(2)	6(2)	6(2)	6(2)	6(2)	6(2)	6(2)	6(2)	6(2)	6(2)	6(2)	6(2)	6(2)	6(2)	6(2)	6(2)	6(2)	6(2)	6(2)	6(2)	6(2)	6(2)	6(2)	6(2)	6(2)	6(2)	6(2)	6(2)	6(2)	6(2)	6(2)	6(2)	6(2)	6(2)	6(2)	6(2)	6(2)	6(2)	3()	3()	
504728	6(2)	6(2)	6(2)	6(2)	6(2)	6(2)	6(2)	6(2)	6(2)	6(2)	6(2)	6(2)	6(2)	6(2)	6(2)	6(2)	6(2)	6(2)	6(2)	6(2)	6(2)	6(2)	6(2)	6(2)	6(2)	6(2)	6(2)	6(2)	6(2)	6(2)	6(2)	6(2)	6(2)	6(2)	6(2)	6(2)	6(2)	6(2)	6(2)	6(2)	6(2)	6(2)	6(2)	6(2)	6(2)	6(2)	6(2)	6(2)	6(2)	6(2)	6(2)	6(2)	6(2)	6(2)	6(2)	3()	3()	2(1)	
526227	6(2)	6(2)	6(2)	6(2)	6(2)	6(2)	6(2)	6(2)	6(2)	6(2)	6(2)	6(2)	6(2)	6(2)	6(2)	6(2)	6(2)	6(2)	6(2)	6(2)	6(2)	6(2)	6(2)	6(2)	6(2)	6(2)	6(2)	6(2)	6(2)	6(2)	6(2)	6(2)	6(2)	6(2)	6(2)	6(2)	6(2)	6(2)	6(2)	6(2)	6(2)	6(2)	6(2)	6(2)	6(2)	6(2)	6(2)	6(2)	6(2)	6(2)	6(2)	6(2)	6(2)	6(2)	6(2)	3()	3()	2(1)	2(1)	
498848	6(2)	6(2)	6(2)	6(2)	6(2)	6(2)	6(2)	6(2)	6(2)	6(2)	6(2)	6(2)	6(2)	6(2)	6(2)	6(2)	6(2)	6(2)	6(2)	6(2)	6(2)	6(2)	6(2)	6(2)	6(2)	6(2)	6(2)	6(2)	6(2)	6(2)	6(2)	6(2)	6(2)	6(2)	6(2)	6(2)	6(2)	6(2)	6(2)	6(2)	6(2)	6(2)	6(2)	6(2)	6(2)	6(2)	6(2)	6(2)	6(2)	6(2)	6(2)	6(2)	6(2)	6(2)	6(2)	3()	3()	2(1)	2(1)	2(1)	
300852	6(2)	6(2)	6(2)	6(2)	6(2)	6(2)	6(2)	6(2)	6(2)	6(2)	6(2)	6(2)	6(2)	6(2)	6(2)	6(2)	6(2)	6(2)	6(2)	6(2)	6(2)	6(2)	6(2)	6(2)	6(2)	6(2)	6(2)	6(2)	6(2)	6(2)	6(2)	6(2)	6(2)	6(2)	6(2)	6(2)	6(2)	6(2)	6(2)	6(2)	6(2)	6(2)	6(2)	6(2)	6(2)	6(2)	6(2)	6(2)	6(2)	6(2)	6(2)	6(2)	6(2)	6(2)	6(2)	6(2)	6(2)	6(2)	6(2)	6(2)	6(2)	
309799	6(2)	6(2)	6(2)	6(2)	6(2)	6(2)	6(2)	6(2)	6(2)	6(2)	6(2)	6(2)	6(2)	6(2)	6(2)	6(2)	6(2)	6(2)	6(2)	6(2)	6(2)	6(2)	6(2)	6(2)	6(2)	6(2)	6(2)	6(2)	6(2)	6(2)	6(2)	6(2)	6(2)	6(2)	6(2)	6(2)	6(2)	6(2)	6(2)	6(2)	6(2)	6(2)	6(2)	6(2)	6(2)	6(2)	6(2)	6(2)	6(2)	6(2)	6(2)	6(2)	6(2)	6(2)	6(2)	6(2)	6(2)	6(2)	6(2)	6(2)	6(2)	6(2)	
445932	6(2)	6(2)	6(2)	6(2)	6(2)	6(2)	6(2)	6(2)	6(2)	6(2)	6(2)	6(2)	6(2)	6(2)	6(2)	6(2)	6(2)	6(2)	6(2)	6(2)	6(2)	6(2)	6(2)	6(2)	6(2)	6(2)	6(2)	6(2)	6(2)	6(2)	6(2)	6(2)	6(2)	6(2)	6(2)	6(2)	6(2)	6(2)	6(2)	6(2)	6(2)	6(2)	6(2)	6(2)	6(2)	6(2)	6(2)	6(2)	6(2)	6(2)	6(2)	6(2)	6(2)	6(2)	6(2)	6(2)	6(2)	6(2)	6(2)	6(2)	6(2)	6(2)	6(2)	
381764	6(2)	6(2)	6(2)	6(2)	6(2)	6(2)	6(2)	6(2)	6(2)	6(2)	6(2)	6(2)	6(2)	6(2)	6(2)	6(2)	6(2)	6(2)	6(2)	6(2)	6(2)	6(2)	6(2)	6(2)	6(2)	6(2)	6(2)	6(2)	6(2)	6(2)	6(2)	6(2)	6(2)	6(2)	6(2)	6(2)	6(2)	6(2)	6(2)	6(2)	6(2)	6(2)	6(2)	6(2)	6(2)	6(2)	6(2)	6(2)	6(2)	6(2)	6(2)	6(2)	6(2)	6(2)	6(2)	6(2)	6(2)	6(2)	6(2)	6(2)	6(2)	6(2)	6(2)	6(2)	
521045	6(2)	6(2)	6(2)	6(2)	6(2)	6(2)	6(2)	6(2)	6(2)	6(2)	6(2)	6(2)	6(2)	6(2)	6(2)	6(2)	6(2)	6(2)	6(2)	6(2)	6(2)	6(2)	6(2)	6(2)	6(2)	6(2)	6(2)	6(2)	6(2)	6(2)	6(2)	6(2)	6(2)	6(2)	6(2)	6(2)	6(2)	6(2)	6(2)	6(2)	6(2)	6(2)	6(2)	6(2)	6(2)	6(2)	6(2)	6(2)	6(2)	6(2)	6(2)	6(2)	6(2)	6(2)	6(2)	6(2)	6(2)	6(2)	6(2)	6(2)	6(2)	6(2)	6(2)	6(2)	2(1)	
403833	6(2)	6(2)	6(2)	6(2)	6(2)	6(2)	6(2)	6(2)	6(2)	6(2)	6(2)	6(2)	6(2)	6(2)	6(2)	6(2)	6(2)	6(2)	6(2)	6(2)	6(2)	6(2)	6(2)	6(2)	6(2)	6(2)	6(2)	6(2)	6(2)	6(2)	6(2)	6(2)	6(2)	6(2)	6(2)	6(2)	6(2)	6(2)	6(2)	6(2)	6(2)	6(2)	6(2)	6(2)	6(2)	6(2)	6(2)	6(2)	6(2)	6(2)	6(2)	6(2)	6(2)	6(2)	6(2)	6(2)	6(2)	6(2)	6(2)	6(2)	6(2)	6(2)	6(2)	6(2)	2(1)	2(1)	
484019	6(2)	6(2)	6(2)	6(2)	6(2)	6(2)	6(2)	6(2)	6(2)	6(2)	6(2)	6(2)	6(2)	6(2)	6(2)	6(2)	6(2)	6(2)	6(2)	6(2)	6(2)	6(2)	6(2)	6(2)	6(2)	6(2)	6(2)	6(2)	6(2)	6(2)	6(2)	6(2)	6(2)	6(2)	6(2)	6(2)	6(2)	6(2)	6(2)	6(2)	6(2)	6(2)	6(2)	6(2)	6(2)	6(2)	6(2)	6(2)	6(2)	6(2)	6(2)	6(2)	6(2)	6(2)	6(2)	6(2)	6(2)	6(2)	6(2)	6(2)	6(2)	6(2)	6(2)	6(2)	2(1)	2(1)	2(1)	
243274	6(2)	6(2)	6(2)	6(2)	6(2)	6(2)	6(2)	6(2)	6(2)	6(2)	6(2)	6(2)	6(2)	6(2)	6(2)	6(2)	6(2)	6(2)	6(2)	6(2)	6(2)	6(2)	6(2)	6(2)	6(2)	6(2)	6(2)	6(2)	6(2)	6(2)	6(2)	6(2)	6(2)	6(2)	6(2)	6(2)	6(2)	6(2)	6(2)	6(2)	6(2)	6(2)	6(2)	6(2)	6(2)	6(2)	6(2)	6(2)	6(2)	6(2)	6(2)	6(2)	6(2)	6(2)	6(2)	6(2)	6(2)	6(2)	6(2)	6(2)	6(2)	6(2)	6(2)	6(2)	2(1)	2(1)	2(1)	2(1)	
390874	6(2)	6(2)	6(2)	6(2)	6(2)	6(2)	6(2)	6(2)	6(2)	6(2)	6(2)	6(2)	6(2)	6(2)	6(2)	6(2)	6(2)	6(2)	6(2)	6(2)	6(2)	6(2)	6(2)	6(2)	6(2)	6(2)	6(2)	6(2)	6(2)	6(2)	6(2)	6(2)	6(2)	6(2)	6(2)	6(2)	6(2)	6(2)	6(2)	6(2)	6(2)	6(2)	6(2)	6(2)	6(2)	6(2)	6(2)	6(2)	6(2)	6(2)	6(2)	6(2)	6(2)	6(2)	6(2)	6(2)	6(2)	6(2)	6(2)	6(2)	6(2)	6(2)	6(2)	6(2)	6(2)	6(2)	6(2)	6(2)	6(2)	
190304	6(2)	6(2)	6(2)	6(2)	6(2)	6(2)	6(2)	6(2)	6(2)	6(2)	6(2)	6(2)	6(2)	6(2)	6(2)	6(2)	6(2)	6(2)	6(2)	6(2)	6(2)	6(2)	6(2)	6(2)	6(2)	6(2)	6(2)	6(2)	6(2)	6(2)	6(2)	6(2)	6(2)	6(2)	6(2)	6(2)	6(2)	6(2)	6(2)	6(2)	6(2)	6(2)	6(2)	6(2)	6(2)	6(2)	6(2)	6(2)	6(2)	6(2)	6(2)	6(2)	6(2)	6(2)	6(2)	6(2)	6(2)	6(2)	6(2)	6(2)	6(2)	6(2)	6(2)	6(2)	6(2)	6(2)	6(2)	6(2)	6(2)	6(2)	
523794	6(2)	6(2)	6(2)	6(2)	6(2)	6(2)	6(2)	6(2)	6(2)	6(2)	6(2)	6(2)	6(2)	6(2)	6(2)	6(2)	6(2)	6(2)	6(2)	6(2)	6(2)	6(2)	6(2)	6(2)	6(2)	6(2)	6(2)	6(2)	6(2)	6(2)	6(2)	6(2)	6(2)	6(2)	6(2)	6(2)	6(2)	6(2)	6(2)	6(2)	6(2)	6(2)	6(2)	6(2)	6(2)	6(2)	6(2)	6(2)	6(2)	6(2)	6(2)	6(2)	6(2)	6(2)	6(2)	6(2)	6(2)	6(2)	6(2)	6(2)	6(2)	6(2)	6(2)	6(2)	6(2)	6(2)	6(2)	6(2)	6(2)	6(2)	1(1)	
519441	6(2)	6(2)	6(2)	6(2)	6(2)	6(2)	6(2)	6(2)	6(2)	6(2)	6(2)	6(2)	6(2)	6(2)	6(2)	6(2)	6(2)	6(2)	6(2)	6(2)	6(2)	6(2)	6(2)	6(2)	6(2)	6(2)	6(2)	6(2)	6(2)	6(2)	6(2)	6(2)	6(2)	6(2)	6(2)	6(2)	6(2)	6(2)	6(2)	6(2)	6(2)	6(2)	6(2)	6(2)	6(2)	6(2)	6(2)	6(2)	6(2)	6(2)	6(2)	6(2)	6(2)	6(2)	6(2)	6(2)	6(2)	6(2)	6(2)	6(2)	6(2)	6(2)	6(2)	6(2)	6(2)	6(2)	6(2)	6(2)	6(2)	6(2)	6(2)	6(2)	
526218	6(2)	6(2)	6(2)	6(2)	6(2)	6(2)	6(2)	6(2)	6(2)	6(2)	6(2)	6(2)	6(2)	6(2)	6(2)	6(2)	6(2)	6(2)	6(2)	6(2)	6(2)	6(2)	6(2)	6(2)	6(2)	6(2)	6(2)	6(2)	6(2)	6(2)	6(2)	6(2)	6(2)	6(2)	6(2)	6(2)	6(2)	6(2)	6(2)	6(2)	6(2)	6(2)	6(2)	6(2)	6(2)	6(2)	6(2)	6(2)	6(2)	6(2)	6(2)	6(2)	6(2)	6(2)	6(2)	6(2)	6(2)	6(2)	6(2)	6(2)	6(2)	6(2)	6(2)	6(2)	6(2)	6(2)	6(2)	6(2)	6(2)	6(2)	6(2)	6(2)	6(2)	
379066	6(2)	6(2)	6(2)	6(2)	6(2)	6(2)	6(2)	6(2)	6(2)	6(2)	6(2)	6(2)	6(2)	6(2)	6(2)	6(2)	6(2)	6(2)	6(2)	6(2)	6(2)	6(2)	6(2)	6(2)	6(2)	6(2)	6(2)	6(2)	6(2)	6(2)	6(2)	6(2)	6(2)	6(2)	6(2)	6(2)	6(2)	6(2)	6(2)	6(2)	6(2)	6(2)	6(2)	6(2)	6(2)	6(2)	6(2)	6(2)	6(2)	6(2)	6(2)	6(2)	6(2)	6(2)	6(2)	6(2)	6(2)	6(2)	6(2)	6(2)	6(2)	6(2)	6(2)	6(2)	6(2)	6(2)	6(2)	6(2)	6(2)	6(2)	6(2)	6(2)	6(2)	6(2)	
330214	6(2)	6(2)	6(2)	6(2)	6(2)	6(2)	6(2)	6(2)	6(2)	6(2)	6(2)	6(2)	6(2)	6(2)	6(2)	6(2)	6(2)	6(2)	6(2)	6(2)	6(2)	6(2)	6(2)	6(2)	6(2)	6(2)	6(2)	6(2)	6(2)	6(2)	6(2)	6(2)	6(2)	6(2)	6(2)	6(2)	6(2)	6(2)	6(2)	6(2)	6(2)	6(2)	6(2)	6(2)	6(2)	6(2)	6(2)	6(2)	6(2)	6(2)	6(2)	6(2)	6(2)	6(2)	6(2)	6(2)	6(2)	6(2)	6(2)	6(2)	6(2)	6(2)	6(2)	6(2)	6(2)	6(2)	6(2)	6(2)	6(2)	6(2)	6(2)	6(2)	6(2)	6(2)	6(2)	
289376	6(2)	6(2)	6(2)	6(2)	6(2)	6(2)	6(2)	6(2)	6(2)	6(2)	6(2)	6(2)	6(2)	6(2)	6(2)	6(2)	6(2)	6(2)	6(2)	6(2)	6(2)	6(2)	6(2)	6(2)	6(2)	6(2)	6(2)	6(2)	6(2)	6(2)	6(2)	6(2)	6(2)	6(2)	6(2)	6(2)	6(2)	6(2)	6(2)	6(2)	6(2)	6(2)	6(2)	6(2)	6(2)	6(2)	6(2)	6(2)	6(2)	6(2)	6(2)	6(2)	6(2)	6(2)	6(2)	6(2)	6(2)	6(2)	6(2)	6(2)	6(2)	6(2)	6(2)	6(2)	6(2)	6(2)	6(2)	6(2)	6(2)	6(2)	6(2)	6(2)	6(2)	6(2)	6(2)	6(2)	
103690	6(2)	6(2)	6(2)	6(2)	6(2)	6(2)	6(2)	6(2)	6(2)	6(2)	6(2)	6(2)	6(2)	6(2)	6(2)	6(2)	6(2)	6(2)	6(2)	6(2)	6(2)	6(2)	6(2)	6(2)	6(2)	6(2)	6(2)	6(2)	6(2)	6(2)	6(2)	6(2)	6(2)	6(2)	6(2)	6(2)	6(2)	6(2)	6(2)	6(2)	6(2)	6(2)	6(2)	6(2)	6(2)	6(2)	6(2)	6(2)	6(2)	6(2)	6(2)	6(2)	6(2)	6(2)	6(2)	6(2)	6(2)	6(2)	6(2)	6(2)	6(2)	6(2)	6(2)	6(2)	6(2)	6(2)	6(2)	6(2)	6(2)	6(2)	6(2)	6(2)	6(2)	6(2)	6(2)	6(2)	6(2)	
1148	6(2)	6(2)	6(2)	6(2)	6(2)	6(2)	6(2)	6(2)	6(2)	6(2)	6(2)	6(2)	6(2)	6(2)	6(2)	6(2)	6(2)	6(2)	6(2)	6(2)	6(2)	6(2)	6(2)	6(2)	6(2)	6(2)	6(2)	6(2)	6(2)	6(2)	6(2)	6(2)	6(2)	6(2)	6(2)	6(2)	6(2)	6(2)	6(2)	6(2)	6(2)	6(2)	6(2)	6(2)	6(2)	6(2)	6(2)	6(2)	6(2)	6(2)	6(2)	6(2)	6(2)	6(2)	6(2)	6(2)	6(2)	6(2)	6(2)	6(2)	6(2)	6(2)	6(2)	6(2)	6(2)	6(2)	6(2)	6(2)	6(2)	6(2)	6(2)	6(2)	6(2)	6(2)	6(2)	6(2)	6(2)	6(2)	
521674	6(2)	6(2)	6(2)	6(2)	6(2)	6(2)	6(2)	6(2)	6(2)	6(2)	6(2)	6(2)	6(2)	6(2)	6(2)	6(2)	6(2)	6(2)	6(2)	6(2)	6(2)	6(2)	6(2)	6(2)	6(2)	6(2)	6(2)	6(2)	6(2)	6(2)	6(2)	6(2)	6(2)	6(2)	6(2)	6(2)	6(2)	6(2)	6(2)	6(2)	6(2)	6(2)	6(2)	6(2)	6(2)	6(2)	6(2)	6(2)	6(2)	6(2)	6(2)	6(2)	6(2)	6(2)	6(2)	6(2)	6(2)	6(2)	6(2)	6(2)	6(2)	6(2)	6(2)	6(2)	6(2)	6(2)	6(2)	6(2)	6(2)	6(2)	6(2)	6(2)	6(2)	6(2)	6(2)	6(2)	6(2)	6(2)	6(2)	
243090	6(2)	6(2)	6(2)	6(2)	6(2)	6(2)	6(2)	6(2)	6(2)	6(2)	6(2)	6(2)	6(2)	6(2)	6(2)	6(2)	6(2)	6(2)	6(2)	6(2)	6(2)	6(2)	6(2)	6(2)	6(2)	6(2)	6(2)	6(2)	6(2)	6(2)	6(2)	6(2)	6(2)	6(2)	6(2)	6(2)	6(2)	6(2)	6(2)	6(2)	6(2)	6(2)	6(2)	6(2)	6(2)	6(2)	6(2)	6(2)	6(2)	6(2)	6(2)	6(2)	6(2)	6(2)	6(2)	6(2)	6(2)	6(2)	6(2)	6(2)	6(2)	6(2)	6(2)	6(2)	6(2)	6(2)	6(2)	6(2)	6(2)	6(2)	6(2)	6(2)	6(2)	6(2)	6(2)	6(2)	6(2)	6(2)	6(2)	6(2)	
653733	6(2)	6(2)	6(2)	6(2)	6(2)	6(2)	6(2)	6(2)	6(2)	6(2)	6(2)	6(2)	6(2)	6(2)	6(2)	6(2)	6(2)	6(2)	6(2)	6(2)	6(2)	6(2)	6(2)	6(2)	6(2)	6(2)	6(2)	6(2)	6(2)	6(2)	6(2)	6(2)	6(2)	6(2)	6(2)	6(2)	6(2)	6(2)	6(2)	6(2)	6(2)	6(2)	6(2)	6(2)	6(2)	6(2)	6(2)	6(2)	6(2)	6(2)	6(2)	6(2)	6(2)	6(2)	6(2)	6(2)	6(2)	6(2)	6(2)	6(2)	6(2)	6(2)	6(2)	6(2)	6(2)	6(2)	6(2)	6(2)	6(2)	6(2)	6(2)	6(2)	6(2)	6(2)	6(2)	6(2)	6(2)	6(2)	6(2)	6(2)	6(2)	
447454	6(2)	6(2)	6(2)	6(2)	6(2)	6(2)	6(2)	6(2)	6(2)	6(2)	6(2)	6(2)	6(2)	6(2)	6(2)	6(2)	6(2)	6(2)	6(2)	6(2)	6(2)	6(2)	6(2)	6(2)	6(2)	6(2)	6(2)	6(2)	6(2)	6(2)	6(2)	6(2)	6(2)	6(2)	6(2)	6(2)	6(2)	6(2)	6(2)	6(2)	6(2)	6(2)	6(2)	6(2)	6(2)	6(2)	6(2)	6(2)	6(2)	6(2)	6(2)	6(2)	6(2)	6(2)	6(2)	6(2)	6(2)	6(2)	6(2)	6(2)	6(2)	6(2)	6(2)	6(2)	6(2)	6(2)	6(2)	6(2)	6(2)	6(2)	6(2)	6(2)	6(2)	6(2)	6(2)	6(2)	6(2)	6(2)	6(2)	6(2)	6(2)	6(2)	
525904	7(1)	7(1)	7(1)	7(1)	7(1)	7(1)	7(1)	7(1)	7(1)	7(1)	7(1)	7(1)	7(1)	7(1)	7(1)	7(1)	7(1)	7(1)	7(1)	7(1)	7(1)	7(1)	7(1)	7(1)	7(1)	7(1)	7(1)	7(1)	7(1)	7(1)	7(1)	7(1)	7(1)	7(1)	7(1)	7(1)	7(1)	7(1)	7(1)	7(1)	7(1)	7(1)	7(1)	7(1)	7(1)	7(1)	7(1)	7(1)	7(1)	7(1)	7(1)	7(1)	7(1)	7(1)	7(1)	7(1)	7(1)	7(1)	7(1)	7(1)	7(1)	7(1)	7(1)	7(1)	7(1)	7(1)	7(1)	7(1)	7(1)	7(1)	7(1)	7(1)	7(1)	7(1)	7(1)	7(1)	7(1)	7(1)	7(1)	7(1)	7(1)	7(1)	7(1)	
439481	7(1)	7(1)	7(1)	7(1)	7(1)	7(1)	7(1)	7(1)	7(1)	7(1)	7(1)	7(1)	7(1)	7(1)	7(1)	7(1)	7(1)	7(1)	7(1)	7(1)	7(1)	7(1)	7(1)	7(1)	7(1)	7(1)	7(1)	7(1)	7(1)	7(1)	7(1)	7(1)	7(1)	7(1)	7(1)	7(1)	7(1)	7(1)	7(1)	7(1)	7(1)	7(1)	7(1)	7(1)	7(1)	7(1)	7(1)	7(1)	7(1)	7(1)	7(1)	7(1)	7(1)	7(1)	7(1)	7(1)	7(1)	7(1)	7(1)	7(1)	7(1)	7(1)	7(1)	7(1)	7(1)	7(1)	7(1)	7(1)	7(1)	7(1)	7(1)	7(1)	7(1)	7(1)	7(1)	7(1)	7(1)	7(1)	7(1)	7(1)	7(1)	7(1)	7(1)	6(1)	
224325	7(1)	7(1)	7(1)	7(1)	7(1)	7(1)	7(1)	7(1)	7(1)	7(1)	7(1)	7(1)	7(1)	7(1)	7(1)	7(1)	7(1)	7(1)	7(1)	7(1)	7(1)	7(1)	7(1)	7(1)	7(1)	7(1)	7(1)	7(1)	7(1)	7(1)	7(1)	7(1)	7(1)	7(1)	7(1)	7(1)	7(1)	7(1)	7(1)	7(1)	7(1)	7(1)	7(1)	7(1)	7(1)	7(1)	7(1)	7(1)	7(1)	7(1)	7(1)	7(1)	7(1)	7(1)	7(1)	7(1)	7(1)	7(1)	7(1)	7(1)	7(1)	7(1)	7(1)	7(1)	7(1)	7(1)	7(1)	7(1)	7(1)	7(1)	7(1)	7(1)	7(1)	7(1)	7(1)	7(1)	7(1)	7(1)	7(1)	7(1)	7(1)	7(1)	7(1)	6(1)	5(2)	
64091	7(1)	7(1)	7(1)	7(1)	7(1)	7(1)	7(1)	7(1)	7(1)	7(1)	7(1)	7(1)	7(1)	7(1)	7(1)	7(1)	7(1)	7(1)	7(1)	7(1)	7(1)	7(1)	7(1)	7(1)	7(1)	7(1)	7(1)	7(1)	7(1)	7(1)	7(1)	7(1)	7(1)	7(1)	7(1)	7(1)	7(1)	7(1)	7(1)	7(1)	7(1)	7(1)	7(1)	7(1)	7(1)	7(1)	7(1)	7(1)	7(1)	7(1)	7(1)	7(1)	7(1)	7(1)	7(1)	7(1)	7(1)	7(1)	7(1)	7(1)	7(1)	7(1)	7(1)	7(1)	7(1)	7(1)	7(1)	7(1)	7(1)	7(1)	7(1)	7(1)	7(1)	7(1)	7(1)	7(1)	7(1)	7(1)	7(1)	7(1)	7(1)	7(1)	7(1)	6(1)	5(2)	5(2)	
362976	7(1)	7(1)	7(1)	7(1)	7(1)	7(1)	7(1)	7(1)	7(1)	7(1)	7(1)	7(1)	7(1)	7(1)	7(1)	7(1)	7(1)	7(1)	7(1)	7(1)	7(1)	7(1)	7(1)	7(1)	7(1)	7(1)	7(1)	7(1)	7(1)	7(1)	7(1)	7(1)	7(1)	7(1)	7(1)	7(1)	7(1)	7(1)	7(1)	7(1)	7(1)	7(1)	7(1)	7(1)	7(1)	7(1)	7(1)	7(1)	7(1)	7(1)	7(1)	7(1)	7(1)	7(1)	7(1)	7(1)	7(1)	7(1)	7(1)	7(1)	7(1)	7(1)	7(1)	7(1)	7(1)	7(1)	7(1)	7(1)	7(1)	7(1)	7(1)	7(1)	7(1)	7(1)	7(1)	7(1)	7(1)	7(1)	7(1)	7(1)	7(1)	7(1)	7(1)	6(1)	5(2)	5(2)	5(2)	
348780	7(1)	7(1)	7(1)	7(1)	7(1)	7(1)	7(1)	7(1)	7(1)	7(1)	7(1)	7(1)	7(1)	7(1)	7(1)	7(1)	7(1)	7(1)	7(1)	7(1)	7(1)	7(1)	7(1)	7(1)	7(1)	7(1)	7(1)	7(1)	7(1)	7(1)	7(1)	7(1)	7(1)	7(1)	7(1)	7(1)	7(1)	7(1)	7(1)	7(1)	7(1)	7(1)	7(1)	7(1)	7(1)	7(1)	7(1)	7(1)	7(1)	7(1)	7(1)	7(1)	7(1)	7(1)	7(1)	7(1)	7(1)	7(1)	7(1)	7(1)	7(1)	7(1)	7(1)	7(1)	7(1)	7(1)	7(1)	7(1)	7(1)	7(1)	7(1)	7(1)	7(1)	7(1)	7(1)	7(1)	7(1)	7(1)	7(1)	7(1)	7(1)	7(1)	7(1)	6(1)	5(2)	5(2)	5(2)	5(2)	
188937	7(1)	7(1)	7(1)	7(1)	7(1)	7(1)	7(1)	7(1)	7(1)	7(1)	7(1)	7(1)	7(1)	7(1)	7(1)	7(1)	7(1)	7(1)	7(1)	7(1)	7(1)	7(1)	7(1)	7(1)	7(1)	7(1)	7(1)	7(1)	7(1)	7(1)	7(1)	7(1)	7(1)	7(1)	7(1)	7(1)	7(1)	7(1)	7(1)	7(1)	7(1)	7(1)	7(1)	7(1)	7(1)	7(1)	7(1)	7(1)	7(1)	7(1)	7(1)	7(1)	7(1)	7(1)	7(1)	7(1)	7(1)	7(1)	7(1)	7(1)	7(1)	7(1)	7(1)	7(1)	7(1)	7(1)	7(1)	7(1)	7(1)	7(1)	7(1)	7(1)	7(1)	7(1)	7(1)	7(1)	7(1)	7(1)	7(1)	7(1)	7(1)	7(1)	7(1)	6(1)	5(2)	5(2)	5(2)	5(2)	2(1)	
192952	7(1)	7(1)	7(1)	7(1)	7(1)	7(1)	7(1)	7(1)	7(1)	7(1)	7(1)	7(1)	7(1)	7(1)	7(1)	7(1)	7(1)	7(1)	7(1)	7(1)	7(1)	7(1)	7(1)	7(1)	7(1)	7(1)	7(1)	7(1)	7(1)	7(1)	7(1)	7(1)	7(1)	7(1)	7(1)	7(1)	7(1)	7(1)	7(1)	7(1)	7(1)	7(1)	7(1)	7(1)	7(1)	7(1)	7(1)	7(1)	7(1)	7(1)	7(1)	7(1)	7(1)	7(1)	7(1)	7(1)	7(1)	7(1)	7(1)	7(1)	7(1)	7(1)	7(1)	7(1)	7(1)	7(1)	7(1)	7(1)	7(1)	7(1)	7(1)	7(1)	7(1)	7(1)	7(1)	7(1)	7(1)	7(1)	7(1)	7(1)	7(1)	7(1)	7(1)	6(1)	5(2)	5(2)	5(2)	5(2)	2(1)	2(1)	
259564	7(1)	7(1)	7(1)	7(1)	7(1)	7(1)	7(1)	7(1)	7(1)	7(1)	7(1)	7(1)	7(1)	7(1)	7(1)	7(1)	7(1)	7(1)	7(1)	7(1)	7(1)	7(1)	7(1)	7(1)	7(1)	7(1)	7(1)	7(1)	7(1)	7(1)	7(1)	7(1)	7(1)	7(1)	7(1)	7(1)	7(1)	7(1)	7(1)	7(1)	7(1)	7(1)	7(1)	7(1)	7(1)	7(1)	7(1)	7(1)	7(1)	7(1)	7(1)	7(1)	7(1)	7(1)	7(1)	7(1)	7(1)	7(1)	7(1)	7(1)	7(1)	7(1)	7(1)	7(1)	7(1)	7(1)	7(1)	7(1)	7(1)	7(1)	7(1)	7(1)	7(1)	7(1)	7(1)	7(1)	7(1)	7(1)	7(1)	7(1)	7(1)	7(1)	7(1)	6(1)	5(2)	5(2)	5(2)	5(2)	3()	3()	3()	
547558	7(1)	7(1)	7(1)	7(1)	7(1)	7(1)	7(1)	7(1)	7(1)	7(1)	7(1)	7(1)	7(1)	7(1)	7(1)	7(1)	7(1)	7(1)	7(1)	7(1)	7(1)	7(1)	7(1)	7(1)	7(1)	7(1)	7(1)	7(1)	7(1)	7(1)	7(1)	7(1)	7(1)	7(1)	7(1)	7(1)	7(1)	7(1)	7(1)	7(1)	7(1)	7(1)	7(1)	7(1)	7(1)	7(1)	7(1)	7(1)	7(1)	7(1)	7(1)	7(1)	7(1)	7(1)	7(1)	7(1)	7(1)	7(1)	7(1)	7(1)	7(1)	7(1)	7(1)	7(1)	7(1)	7(1)	7(1)	7(1)	7(1)	7(1)	7(1)	7(1)	7(1)	7(1)	7(1)	7(1)	7(1)	7(1)	7(1)	7(1)	7(1)	7(1)	7(1)	6(1)	5(2)	5(2)	5(2)	5(2)	4()	4()	4()	4()	
349307	7(1)	7(1)	7(1)	7(1)	7(1)	7(1)	7(1)	7(1)	7(1)	7(1)	7(1)	7(1)	7(1)	7(1)	7(1)	7(1)	7(1)	7(1)	7(1)	7(1)	7(1)	7(1)	7(1)	7(1)	7(1)	7(1)	7(1)	7(1)	7(1)	7(1)	7(1)	7(1)	7(1)	7(1)	7(1)	7(1)	7(1)	7(1)	7(1)	7(1)	7(1)	7(1)	7(1)	7(1)	7(1)	7(1)	7(1)	7(1)	7(1)	7(1)	7(1)	7(1)	7(1)	7(1)	7(1)	7(1)	7(1)	7(1)	7(1)	7(1)	7(1)	7(1)	7(1)	7(1)	7(1)	7(1)	7(1)	7(1)	7(1)	7(1)	7(1)	7(1)	7(1)	7(1)	7(1)	7(1)	7(1)	7(1)	7(1)	7(1)	7(1)	7(1)	7(1)	6(1)	5(2)	5(2)	5(2)	5(2)	5(2)	5(2)	5(2)	5(2)	5(2)	
456442	7(1)	7(1)	7(1)	7(1)	7(1)	7(1)	7(1)	7(1)	7(1)	7(1)	7(1)	7(1)	7(1)	7(1)	7(1)	7(1)	7(1)	7(1)	7(1)	7(1)	7(1)	7(1)	7(1)	7(1)	7(1)	7(1)	7(1)	7(1)	7(1)	7(1)	7(1)	7(1)	7(1)	7(1)	7(1)	7(1)	7(1)	7(1)	7(1)	7(1)	7(1)	7(1)	7(1)	7(1)	7(1)	7(1)	7(1)	7(1)	7(1)	7(1)	7(1)	7(1)	7(1)	7(1)	7(1)	7(1)	7(1)	7(1)	7(1)	7(1)	7(1)	7(1)	7(1)	7(1)	7(1)	7(1)	7(1)	7(1)	7(1)	7(1)	7(1)	7(1)	7(1)	7(1)	7(1)	7(1)	7(1)	7(1)	7(1)	7(1)	7(1)	7(1)	7(1)	6(1)	5(2)	5(2)	5(2)	5(2)	5(2)	5(2)	5(2)	5(2)	5(2)	5(2)	
419665	7(1)	7(1)	7(1)	7(1)	7(1)	7(1)	7(1)	7(1)	7(1)	7(1)	7(1)	7(1)	7(1)	7(1)	7(1)	7(1)	7(1)	7(1)	7(1)	7(1)	7(1)	7(1)	7(1)	7(1)	7(1)	7(1)	7(1)	7(1)	7(1)	7(1)	7(1)	7(1)	7(1)	7(1)	7(1)	7(1)	7(1)	7(1)	7(1)	7(1)	7(1)	7(1)	7(1)	7(1)	7(1)	7(1)	7(1)	7(1)	7(1)	7(1)	7(1)	7(1)	7(1)	7(1)	7(1)	7(1)	7(1)	7(1)	7(1)	7(1)	7(1)	7(1)	7(1)	7(1)	7(1)	7(1)	7(1)	7(1)	7(1)	7(1)	7(1)	7(1)	7(1)	7(1)	7(1)	7(1)	7(1)	7(1)	7(1)	7(1)	7(1)	7(1)	7(1)	6(1)	5(2)	5(2)	5(2)	5(2)	5(2)	5(2)	5(2)	5(2)	5(2)	5(2)	5(2)	
243232	7(1)	7(1)	7(1)	7(1)	7(1)	7(1)	7(1)	7(1)	7(1)	7(1)	7(1)	7(1)	7(1)	7(1)	7(1)	7(1)	7(1)	7(1)	7(1)	7(1)	7(1)	7(1)	7(1)	7(1)	7(1)	7(1)	7(1)	7(1)	7(1)	7(1)	7(1)	7(1)	7(1)	7(1)	7(1)	7(1)	7(1)	7(1)	7(1)	7(1)	7(1)	7(1)	7(1)	7(1)	7(1)	7(1)	7(1)	7(1)	7(1)	7(1)	7(1)	7(1)	7(1)	7(1)	7(1)	7(1)	7(1)	7(1)	7(1)	7(1)	7(1)	7(1)	7(1)	7(1)	7(1)	7(1)	7(1)	7(1)	7(1)	7(1)	7(1)	7(1)	7(1)	7(1)	7(1)	7(1)	7(1)	7(1)	7(1)	7(1)	7(1)	7(1)	7(1)	6(1)	5(2)	5(2)	5(2)	5(2)	5(2)	5(2)	5(2)	5(2)	5(2)	5(2)	5(2)	5(2)	
190192	7(1)	7(1)	7(1)	7(1)	7(1)	7(1)	7(1)	7(1)	7(1)	7(1)	7(1)	7(1)	7(1)	7(1)	7(1)	7(1)	7(1)	7(1)	7(1)	7(1)	7(1)	7(1)	7(1)	7(1)	7(1)	7(1)	7(1)	7(1)	7(1)	7(1)	7(1)	7(1)	7(1)	7(1)	7(1)	7(1)	7(1)	7(1)	7(1)	7(1)	7(1)	7(1)	7(1)	7(1)	7(1)	7(1)	7(1)	7(1)	7(1)	7(1)	7(1)	7(1)	7(1)	7(1)	7(1)	7(1)	7(1)	7(1)	7(1)	7(1)	7(1)	7(1)	7(1)	7(1)	7(1)	7(1)	7(1)	7(1)	7(1)	7(1)	7(1)	7(1)	7(1)	7(1)	7(1)	7(1)	7(1)	7(1)	7(1)	7(1)	7(1)	7(1)	7(1)	6(1)	5(2)	5(2)	5(2)	5(2)	5(2)	5(2)	5(2)	5(2)	5(2)	5(2)	5(2)	5(2)	5(2)	
420247	7(1)	7(1)	7(1)	7(1)	7(1)	7(1)	7(1)	7(1)	7(1)	7(1)	7(1)	7(1)	7(1)	7(1)	7(1)	7(1)	7(1)	7(1)	7(1)	7(1)	7(1)	7(1)	7(1)	7(1)	7(1)	7(1)	7(1)	7(1)	7(1)	7(1)	7(1)	7(1)	7(1)	7(1)	7(1)	7(1)	7(1)	7(1)	7(1)	7(1)	7(1)	7(1)	7(1)	7(1)	7(1)	7(1)	7(1)	7(1)	7(1)	7(1)	7(1)	7(1)	7(1)	7(1)	7(1)	7(1)	7(1)	7(1)	7(1)	7(1)	7(1)	7(1)	7(1)	7(1)	7(1)	7(1)	7(1)	7(1)	7(1)	7(1)	7(1)	7(1)	7(1)	7(1)	7(1)	7(1)	7(1)	7(1)	7(1)	7(1)	7(1)	7(1)	7(1)	6(1)	5(2)	5(2)	5(2)	5(2)	5(2)	5(2)	5(2)	5(2)	5(2)	5(2)	5(2)	5(2)	5(2)	5(2)	
187420	7(1)	7(1)	7(1)	7(1)	7(1)	7(1)	7(1)	7(1)	7(1)	7(1)	7(1)	7(1)	7(1)	7(1)	7(1)	7(1)	7(1)	7(1)	7(1)	7(1)	7(1)	7(1)	7(1)	7(1)	7(1)	7(1)	7(1)	7(1)	7(1)	7(1)	7(1)	7(1)	7(1)	7(1)	7(1)	7(1)	7(1)	7(1)	7(1)	7(1)	7(1)	7(1)	7(1)	7(1)	7(1)	7(1)	7(1)	7(1)	7(1)	7(1)	7(1)	7(1)	7(1)	7(1)	7(1)	7(1)	7(1)	7(1)	7(1)	7(1)	7(1)	7(1)	7(1)	7(1)	7(1)	7(1)	7(1)	7(1)	7(1)	7(1)	7(1)	7(1)	7(1)	7(1)	7(1)	7(1)	7(1)	7(1)	7(1)	7(1)	7(1)	7(1)	7(1)	6(1)	5(2)	5(2)	5(2)	5(2)	5(2)	5(2)	5(2)	5(2)	5(2)	5(2)	5(2)	5(2)	5(2)	5(2)	5(2)	
272844	7(1)	7(1)	7(1)	7(1)	7(1)	7(1)	7(1)	7(1)	7(1)	7(1)	7(1)	7(1)	7(1)	7(1)	7(1)	7(1)	7(1)	7(1)	7(1)	7(1)	7(1)	7(1)	7(1)	7(1)	7(1)	7(1)	7(1)	7(1)	7(1)	7(1)	7(1)	7(1)	7(1)	7(1)	7(1)	7(1)	7(1)	7(1)	7(1)	7(1)	7(1)	7(1)	7(1)	7(1)	7(1)	7(1)	7(1)	7(1)	7(1)	7(1)	7(1)	7(1)	7(1)	7(1)	7(1)	7(1)	7(1)	7(1)	7(1)	7(1)	7(1)	7(1)	7(1)	7(1)	7(1)	7(1)	7(1)	7(1)	7(1)	7(1)	7(1)	7(1)	7(1)	7(1)	7(1)	7(1)	7(1)	7(1)	7(1)	7(1)	7(1)	7(1)	7(1)	6(1)	5(2)	5(2)	5(2)	5(2)	5(2)	5(2)	5(2)	5(2)	5(2)	5(2)	5(2)	5(2)	5(2)	5(2)	5(2)	2()	
186497	7(1)	7(1)	7(1)	7(1)	7(1)	7(1)	7(1)	7(1)	7(1)	7(1)	7(1)	7(1)	7(1)	7(1)	7(1)	7(1)	7(1)	7(1)	7(1)	7(1)	7(1)	7(1)	7(1)	7(1)	7(1)	7(1)	7(1)	7(1)	7(1)	7(1)	7(1)	7(1)	7(1)	7(1)	7(1)	7(1)	7(1)	7(1)	7(1)	7(1)	7(1)	7(1)	7(1)	7(1)	7(1)	7(1)	7(1)	7(1)	7(1)	7(1)	7(1)	7(1)	7(1)	7(1)	7(1)	7(1)	7(1)	7(1)	7(1)	7(1)	7(1)	7(1)	7(1)	7(1)	7(1)	7(1)	7(1)	7(1)	7(1)	7(1)	7(1)	7(1)	7(1)	7(1)	7(1)	7(1)	7(1)	7(1)	7(1)	7(1)	7(1)	7(1)	7(1)	6(1)	5(2)	5(2)	5(2)	5(2)	5(2)	5(2)	5(2)	5(2)	5(2)	5(2)	5(2)	5(2)	5(2)	5(2)	5(2)	2()	2()	
70601	7(1)	7(1)	7(1)	7(1)	7(1)	7(1)	7(1)	7(1)	7(1)	7(1)	7(1)	7(1)	7(1)	7(1)	7(1)	7(1)	7(1)	7(1)	7(1)	7(1)	7(1)	7(1)	7(1)	7(1)	7(1)	7(1)	7(1)	7(1)	7(1)	7(1)	7(1)	7(1)	7(1)	7(1)	7(1)	7(1)	7(1)	7(1)	7(1)	7(1)	7(1)	7(1)	7(1)	7(1)	7(1)	7(1)	7(1)	7(1)	7(1)	7(1)	7(1)	7(1)	7(1)	7(1)	7(1)	7(1)	7(1)	7(1)	7(1)	7(1)	7(1)	7(1)	7(1)	7(1)	7(1)	7(1)	7(1)	7(1)	7(1)	7(1)	7(1)	7(1)	7(1)	7(1)	7(1)	7(1)	7(1)	7(1)	7(1)	7(1)	7(1)	7(1)	7(1)	6(1)	5(2)	5(2)	5(2)	5(2)	5(2)	5(2)	5(2)	5(2)	5(2)	5(2)	5(2)	5(2)	5(2)	5(2)	5(2)	5(2)	5(2)	5(2)	
593117	7(1)	7(1)	7(1)	7(1)	7(1)	7(1)	7(1)	7(1)	7(1)	7(1)	7(1)	7(1)	7(1)	7(1)	7(1)	7(1)	7(1)	7(1)	7(1)	7(1)	7(1)	7(1)	7(1)	7(1)	7(1)	7(1)	7(1)	7(1)	7(1)	7(1)	7(1)	7(1)	7(1)	7(1)	7(1)	7(1)	7(1)	7(1)	7(1)	7(1)	7(1)	7(1)	7(1)	7(1)	7(1)	7(1)	7(1)	7(1)	7(1)	7(1)	7(1)	7(1)	7(1)	7(1)	7(1)	7(1)	7(1)	7(1)	7(1)	7(1)	7(1)	7(1)	7(1)	7(1)	7(1)	7(1)	7(1)	7(1)	7(1)	7(1)	7(1)	7(1)	7(1)	7(1)	7(1)	7(1)	7(1)	7(1)	7(1)	7(1)	7(1)	7(1)	7(1)	6(1)	5(2)	5(2)	5(2)	5(2)	5(2)	5(2)	5(2)	5(2)	5(2)	5(2)	5(2)	5(2)	5(2)	5(2)	5(2)	5(2)	5(2)	5(2)	5(2)	
273075	7(1)	7(1)	7(1)	7(1)	7(1)	7(1)	7(1)	7(1)	7(1)	7(1)	7(1)	7(1)	7(1)	7(1)	7(1)	7(1)	7(1)	7(1)	7(1)	7(1)	7(1)	7(1)	7(1)	7(1)	7(1)	7(1)	7(1)	7(1)	7(1)	7(1)	7(1)	7(1)	7(1)	7(1)	7(1)	7(1)	7(1)	7(1)	7(1)	7(1)	7(1)	7(1)	7(1)	7(1)	7(1)	7(1)	7(1)	7(1)	7(1)	7(1)	7(1)	7(1)	7(1)	7(1)	7(1)	7(1)	7(1)	7(1)	7(1)	7(1)	7(1)	7(1)	7(1)	7(1)	7(1)	7(1)	7(1)	7(1)	7(1)	7(1)	7(1)	7(1)	7(1)	7(1)	7(1)	7(1)	7(1)	7(1)	7(1)	7(1)	7(1)	7(1)	7(1)	6(1)	5(2)	5(2)	5(2)	5(2)	5(2)	5(2)	5(2)	5(2)	5(2)	5(2)	5(2)	5(2)	5(2)	5(2)	5(2)	5(2)	5(2)	5(2)	5(2)	5(2)	
273116	7(1)	7(1)	7(1)	7(1)	7(1)	7(1)	7(1)	7(1)	7(1)	7(1)	7(1)	7(1)	7(1)	7(1)	7(1)	7(1)	7(1)	7(1)	7(1)	7(1)	7(1)	7(1)	7(1)	7(1)	7(1)	7(1)	7(1)	7(1)	7(1)	7(1)	7(1)	7(1)	7(1)	7(1)	7(1)	7(1)	7(1)	7(1)	7(1)	7(1)	7(1)	7(1)	7(1)	7(1)	7(1)	7(1)	7(1)	7(1)	7(1)	7(1)	7(1)	7(1)	7(1)	7(1)	7(1)	7(1)	7(1)	7(1)	7(1)	7(1)	7(1)	7(1)	7(1)	7(1)	7(1)	7(1)	7(1)	7(1)	7(1)	7(1)	7(1)	7(1)	7(1)	7(1)	7(1)	7(1)	7(1)	7(1)	7(1)	7(1)	7(1)	7(1)	7(1)	6(1)	6(1)	6(1)	6(1)	6(1)	6(1)	6(1)	6(1)	6(1)	6(1)	6(1)	6(1)	6(1)	6(1)	6(1)	6(1)	6(1)	6(1)	6(1)	6(1)	6(1)	6(1)	
272557	7(1)	7(1)	7(1)	7(1)	7(1)	7(1)	7(1)	7(1)	7(1)	7(1)	7(1)	7(1)	7(1)	7(1)	7(1)	7(1)	7(1)	7(1)	7(1)	7(1)	7(1)	7(1)	7(1)	7(1)	7(1)	7(1)	7(1)	7(1)	7(1)	7(1)	7(1)	7(1)	7(1)	7(1)	7(1)	7(1)	7(1)	7(1)	7(1)	7(1)	7(1)	7(1)	7(1)	7(1)	7(1)	7(1)	7(1)	7(1)	7(1)	7(1)	7(1)	7(1)	7(1)	7(1)	7(1)	7(1)	7(1)	7(1)	7(1)	7(1)	7(1)	7(1)	7(1)	7(1)	7(1)	7(1)	7(1)	7(1)	7(1)	7(1)	7(1)	7(1)	7(1)	7(1)	7(1)	7(1)	7(1)	7(1)	7(1)	7(1)	7(1)	7(1)	7(1)	6(1)	6(1)	6(1)	6(1)	6(1)	6(1)	6(1)	6(1)	6(1)	6(1)	6(1)	6(1)	6(1)	6(1)	6(1)	6(1)	6(1)	6(1)	6(1)	6(1)	6(1)	6(1)	2(1)	
453591	7(1)	7(1)	7(1)	7(1)	7(1)	7(1)	7(1)	7(1)	7(1)	7(1)	7(1)	7(1)	7(1)	7(1)	7(1)	7(1)	7(1)	7(1)	7(1)	7(1)	7(1)	7(1)	7(1)	7(1)	7(1)	7(1)	7(1)	7(1)	7(1)	7(1)	7(1)	7(1)	7(1)	7(1)	7(1)	7(1)	7(1)	7(1)	7(1)	7(1)	7(1)	7(1)	7(1)	7(1)	7(1)	7(1)	7(1)	7(1)	7(1)	7(1)	7(1)	7(1)	7(1)	7(1)	7(1)	7(1)	7(1)	7(1)	7(1)	7(1)	7(1)	7(1)	7(1)	7(1)	7(1)	7(1)	7(1)	7(1)	7(1)	7(1)	7(1)	7(1)	7(1)	7(1)	7(1)	7(1)	7(1)	7(1)	7(1)	7(1)	7(1)	7(1)	7(1)	6(1)	6(1)	6(1)	6(1)	6(1)	6(1)	6(1)	6(1)	6(1)	6(1)	6(1)	6(1)	6(1)	6(1)	6(1)	6(1)	6(1)	6(1)	6(1)	6(1)	6(1)	6(1)	2(1)	2(1)	
399550	7(1)	7(1)	7(1)	7(1)	7(1)	7(1)	7(1)	7(1)	7(1)	7(1)	7(1)	7(1)	7(1)	7(1)	7(1)	7(1)	7(1)	7(1)	7(1)	7(1)	7(1)	7(1)	7(1)	7(1)	7(1)	7(1)	7(1)	7(1)	7(1)	7(1)	7(1)	7(1)	7(1)	7(1)	7(1)	7(1)	7(1)	7(1)	7(1)	7(1)	7(1)	7(1)	7(1)	7(1)	7(1)	7(1)	7(1)	7(1)	7(1)	7(1)	7(1)	7(1)	7(1)	7(1)	7(1)	7(1)	7(1)	7(1)	7(1)	7(1)	7(1)	7(1)	7(1)	7(1)	7(1)	7(1)	7(1)	7(1)	7(1)	7(1)	7(1)	7(1)	7(1)	7(1)	7(1)	7(1)	7(1)	7(1)	7(1)	7(1)	7(1)	7(1)	7(1)	6(1)	6(1)	6(1)	6(1)	6(1)	6(1)	6(1)	6(1)	6(1)	6(1)	6(1)	6(1)	6(1)	6(1)	6(1)	6(1)	6(1)	6(1)	6(1)	6(1)	6(1)	6(1)	3(1)	3(1)	3(1)	
415426	7(1)	7(1)	7(1)	7(1)	7(1)	7(1)	7(1)	7(1)	7(1)	7(1)	7(1)	7(1)	7(1)	7(1)	7(1)	7(1)	7(1)	7(1)	7(1)	7(1)	7(1)	7(1)	7(1)	7(1)	7(1)	7(1)	7(1)	7(1)	7(1)	7(1)	7(1)	7(1)	7(1)	7(1)	7(1)	7(1)	7(1)	7(1)	7(1)	7(1)	7(1)	7(1)	7(1)	7(1)	7(1)	7(1)	7(1)	7(1)	7(1)	7(1)	7(1)	7(1)	7(1)	7(1)	7(1)	7(1)	7(1)	7(1)	7(1)	7(1)	7(1)	7(1)	7(1)	7(1)	7(1)	7(1)	7(1)	7(1)	7(1)	7(1)	7(1)	7(1)	7(1)	7(1)	7(1)	7(1)	7(1)	7(1)	7(1)	7(1)	7(1)	7(1)	7(1)	6(1)	6(1)	6(1)	6(1)	6(1)	6(1)	6(1)	6(1)	6(1)	6(1)	6(1)	6(1)	6(1)	6(1)	6(1)	6(1)	6(1)	6(1)	6(1)	6(1)	6(1)	6(1)	3(1)	3(1)	3(1)	3(1)	
666510	7(1)	7(1)	7(1)	7(1)	7(1)	7(1)	7(1)	7(1)	7(1)	7(1)	7(1)	7(1)	7(1)	7(1)	7(1)	7(1)	7(1)	7(1)	7(1)	7(1)	7(1)	7(1)	7(1)	7(1)	7(1)	7(1)	7(1)	7(1)	7(1)	7(1)	7(1)	7(1)	7(1)	7(1)	7(1)	7(1)	7(1)	7(1)	7(1)	7(1)	7(1)	7(1)	7(1)	7(1)	7(1)	7(1)	7(1)	7(1)	7(1)	7(1)	7(1)	7(1)	7(1)	7(1)	7(1)	7(1)	7(1)	7(1)	7(1)	7(1)	7(1)	7(1)	7(1)	7(1)	7(1)	7(1)	7(1)	7(1)	7(1)	7(1)	7(1)	7(1)	7(1)	7(1)	7(1)	7(1)	7(1)	7(1)	7(1)	7(1)	7(1)	7(1)	7(1)	6(1)	6(1)	6(1)	6(1)	6(1)	6(1)	6(1)	6(1)	6(1)	6(1)	6(1)	6(1)	6(1)	6(1)	6(1)	6(1)	6(1)	6(1)	6(1)	6(1)	6(1)	6(1)	3(1)	3(1)	3(1)	3(1)	3(1)	
399549	7(1)	7(1)	7(1)	7(1)	7(1)	7(1)	7(1)	7(1)	7(1)	7(1)	7(1)	7(1)	7(1)	7(1)	7(1)	7(1)	7(1)	7(1)	7(1)	7(1)	7(1)	7(1)	7(1)	7(1)	7(1)	7(1)	7(1)	7(1)	7(1)	7(1)	7(1)	7(1)	7(1)	7(1)	7(1)	7(1)	7(1)	7(1)	7(1)	7(1)	7(1)	7(1)	7(1)	7(1)	7(1)	7(1)	7(1)	7(1)	7(1)	7(1)	7(1)	7(1)	7(1)	7(1)	7(1)	7(1)	7(1)	7(1)	7(1)	7(1)	7(1)	7(1)	7(1)	7(1)	7(1)	7(1)	7(1)	7(1)	7(1)	7(1)	7(1)	7(1)	7(1)	7(1)	7(1)	7(1)	7(1)	7(1)	7(1)	7(1)	7(1)	7(1)	7(1)	6(1)	6(1)	6(1)	6(1)	6(1)	6(1)	6(1)	6(1)	6(1)	6(1)	6(1)	6(1)	6(1)	6(1)	6(1)	6(1)	6(1)	6(1)	6(1)	6(1)	6(1)	6(1)	3(1)	3(1)	3(1)	3(1)	3(1)	3(1)	
273057	7(1)	7(1)	7(1)	7(1)	7(1)	7(1)	7(1)	7(1)	7(1)	7(1)	7(1)	7(1)	7(1)	7(1)	7(1)	7(1)	7(1)	7(1)	7(1)	7(1)	7(1)	7(1)	7(1)	7(1)	7(1)	7(1)	7(1)	7(1)	7(1)	7(1)	7(1)	7(1)	7(1)	7(1)	7(1)	7(1)	7(1)	7(1)	7(1)	7(1)	7(1)	7(1)	7(1)	7(1)	7(1)	7(1)	7(1)	7(1)	7(1)	7(1)	7(1)	7(1)	7(1)	7(1)	7(1)	7(1)	7(1)	7(1)	7(1)	7(1)	7(1)	7(1)	7(1)	7(1)	7(1)	7(1)	7(1)	7(1)	7(1)	7(1)	7(1)	7(1)	7(1)	7(1)	7(1)	7(1)	7(1)	7(1)	7(1)	7(1)	7(1)	7(1)	7(1)	6(1)	6(1)	6(1)	6(1)	6(1)	6(1)	6(1)	6(1)	6(1)	6(1)	6(1)	6(1)	6(1)	6(1)	6(1)	6(1)	6(1)	6(1)	6(1)	6(1)	6(1)	6(1)	3(1)	3(1)	3(1)	3(1)	3(1)	3(1)	3(1)	
178306	7(1)	7(1)	7(1)	7(1)	7(1)	7(1)	7(1)	7(1)	7(1)	7(1)	7(1)	7(1)	7(1)	7(1)	7(1)	7(1)	7(1)	7(1)	7(1)	7(1)	7(1)	7(1)	7(1)	7(1)	7(1)	7(1)	7(1)	7(1)	7(1)	7(1)	7(1)	7(1)	7(1)	7(1)	7(1)	7(1)	7(1)	7(1)	7(1)	7(1)	7(1)	7(1)	7(1)	7(1)	7(1)	7(1)	7(1)	7(1)	7(1)	7(1)	7(1)	7(1)	7(1)	7(1)	7(1)	7(1)	7(1)	7(1)	7(1)	7(1)	7(1)	7(1)	7(1)	7(1)	7(1)	7(1)	7(1)	7(1)	7(1)	7(1)	7(1)	7(1)	7(1)	7(1)	7(1)	7(1)	7(1)	7(1)	7(1)	7(1)	7(1)	7(1)	7(1)	6(1)	6(1)	6(1)	6(1)	6(1)	6(1)	6(1)	6(1)	6(1)	6(1)	6(1)	6(1)	6(1)	6(1)	6(1)	6(1)	6(1)	6(1)	6(1)	6(1)	6(1)	6(1)	3(1)	3(1)	3(1)	3(1)	3(1)	3(1)	3(1)	3(1)	
368408	7(1)	7(1)	7(1)	7(1)	7(1)	7(1)	7(1)	7(1)	7(1)	7(1)	7(1)	7(1)	7(1)	7(1)	7(1)	7(1)	7(1)	7(1)	7(1)	7(1)	7(1)	7(1)	7(1)	7(1)	7(1)	7(1)	7(1)	7(1)	7(1)	7(1)	7(1)	7(1)	7(1)	7(1)	7(1)	7(1)	7(1)	7(1)	7(1)	7(1)	7(1)	7(1)	7(1)	7(1)	7(1)	7(1)	7(1)	7(1)	7(1)	7(1)	7(1)	7(1)	7(1)	7(1)	7(1)	7(1)	7(1)	7(1)	7(1)	7(1)	7(1)	7(1)	7(1)	7(1)	7(1)	7(1)	7(1)	7(1)	7(1)	7(1)	7(1)	7(1)	7(1)	7(1)	7(1)	7(1)	7(1)	7(1)	7(1)	7(1)	7(1)	7(1)	7(1)	6(1)	6(1)	6(1)	6(1)	6(1)	6(1)	6(1)	6(1)	6(1)	6(1)	6(1)	6(1)	6(1)	6(1)	6(1)	6(1)	6(1)	6(1)	6(1)	6(1)	6(1)	6(1)	6(1)	6(1)	6(1)	6(1)	6(1)	6(1)	6(1)	6(1)	6(1)	
414004	7(1)	7(1)	7(1)	7(1)	7(1)	7(1)	7(1)	7(1)	7(1)	7(1)	7(1)	7(1)	7(1)	7(1)	7(1)	7(1)	7(1)	7(1)	7(1)	7(1)	7(1)	7(1)	7(1)	7(1)	7(1)	7(1)	7(1)	7(1)	7(1)	7(1)	7(1)	7(1)	7(1)	7(1)	7(1)	7(1)	7(1)	7(1)	7(1)	7(1)	7(1)	7(1)	7(1)	7(1)	7(1)	7(1)	7(1)	7(1)	7(1)	7(1)	7(1)	7(1)	7(1)	7(1)	7(1)	7(1)	7(1)	7(1)	7(1)	7(1)	7(1)	7(1)	7(1)	7(1)	7(1)	7(1)	7(1)	7(1)	7(1)	7(1)	7(1)	7(1)	7(1)	7(1)	7(1)	7(1)	7(1)	7(1)	7(1)	7(1)	7(1)	7(1)	7(1)	6(1)	6(1)	6(1)	6(1)	6(1)	6(1)	6(1)	6(1)	6(1)	6(1)	6(1)	6(1)	6(1)	6(1)	6(1)	6(1)	6(1)	6(1)	6(1)	6(1)	6(1)	6(1)	6(1)	6(1)	6(1)	6(1)	6(1)	6(1)	6(1)	6(1)	6(1)	6(1)	
436308	7(1)	7(1)	7(1)	7(1)	7(1)	7(1)	7(1)	7(1)	7(1)	7(1)	7(1)	7(1)	7(1)	7(1)	7(1)	7(1)	7(1)	7(1)	7(1)	7(1)	7(1)	7(1)	7(1)	7(1)	7(1)	7(1)	7(1)	7(1)	7(1)	7(1)	7(1)	7(1)	7(1)	7(1)	7(1)	7(1)	7(1)	7(1)	7(1)	7(1)	7(1)	7(1)	7(1)	7(1)	7(1)	7(1)	7(1)	7(1)	7(1)	7(1)	7(1)	7(1)	7(1)	7(1)	7(1)	7(1)	7(1)	7(1)	7(1)	7(1)	7(1)	7(1)	7(1)	7(1)	7(1)	7(1)	7(1)	7(1)	7(1)	7(1)	7(1)	7(1)	7(1)	7(1)	7(1)	7(1)	7(1)	7(1)	7(1)	7(1)	7(1)	7(1)	7(1)	6(1)	6(1)	6(1)	6(1)	6(1)	6(1)	6(1)	6(1)	6(1)	6(1)	6(1)	6(1)	6(1)	6(1)	6(1)	6(1)	6(1)	6(1)	6(1)	6(1)	6(1)	6(1)	6(1)	6(1)	6(1)	6(1)	6(1)	6(1)	6(1)	6(1)	6(1)	6(1)	6(1)	
374847	7(1)	7(1)	7(1)	7(1)	7(1)	7(1)	7(1)	7(1)	7(1)	7(1)	7(1)	7(1)	7(1)	7(1)	7(1)	7(1)	7(1)	7(1)	7(1)	7(1)	7(1)	7(1)	7(1)	7(1)	7(1)	7(1)	7(1)	7(1)	7(1)	7(1)	7(1)	7(1)	7(1)	7(1)	7(1)	7(1)	7(1)	7(1)	7(1)	7(1)	7(1)	7(1)	7(1)	7(1)	7(1)	7(1)	7(1)	7(1)	7(1)	7(1)	7(1)	7(1)	7(1)	7(1)	7(1)	7(1)	7(1)	7(1)	7(1)	7(1)	7(1)	7(1)	7(1)	7(1)	7(1)	7(1)	7(1)	7(1)	7(1)	7(1)	7(1)	7(1)	7(1)	7(1)	7(1)	7(1)	7(1)	7(1)	7(1)	7(1)	7(1)	7(1)	7(1)	7(1)	7(1)	7(1)	7(1)	7(1)	7(1)	7(1)	7(1)	7(1)	7(1)	7(1)	7(1)	7(1)	7(1)	7(1)	7(1)	7(1)	7(1)	7(1)	7(1)	7(1)	7(1)	7(1)	7(1)	7(1)	7(1)	7(1)	7(1)	7(1)	7(1)	7(1)	7(1)	7(1)	7(1)	
228908	7(1)	7(1)	7(1)	7(1)	7(1)	7(1)	7(1)	7(1)	7(1)	7(1)	7(1)	7(1)	7(1)	7(1)	7(1)	7(1)	7(1)	7(1)	7(1)	7(1)	7(1)	7(1)	7(1)	7(1)	7(1)	7(1)	7(1)	7(1)	7(1)	7(1)	7(1)	7(1)	7(1)	7(1)	7(1)	7(1)	7(1)	7(1)	7(1)	7(1)	7(1)	7(1)	7(1)	7(1)	7(1)	7(1)	7(1)	7(1)	7(1)	7(1)	7(1)	7(1)	7(1)	7(1)	7(1)	7(1)	7(1)	7(1)	7(1)	7(1)	7(1)	7(1)	7(1)	7(1)	7(1)	7(1)	7(1)	7(1)	7(1)	7(1)	7(1)	7(1)	7(1)	7(1)	7(1)	7(1)	7(1)	7(1)	7(1)	7(1)	7(1)	7(1)	7(1)	7(1)	7(1)	7(1)	7(1)	7(1)	7(1)	7(1)	7(1)	7(1)	7(1)	7(1)	7(1)	7(1)	7(1)	7(1)	7(1)	7(1)	7(1)	7(1)	7(1)	7(1)	7(1)	7(1)	7(1)	7(1)	7(1)	7(1)	7(1)	7(1)	7(1)	7(1)	7(1)	7(1)	7(1)	7(1)	
9606	7(1)	7(1)	7(1)	7(1)	7(1)	7(1)	7(1)	7(1)	7(1)	7(1)	7(1)	7(1)	7(1)	7(1)	7(1)	7(1)	7(1)	7(1)	7(1)	7(1)	7(1)	7(1)	7(1)	7(1)	7(1)	7(1)	7(1)	7(1)	7(1)	7(1)	7(1)	7(1)	7(1)	7(1)	7(1)	7(1)	7(1)	7(1)	7(1)	7(1)	7(1)	7(1)	7(1)	7(1)	7(1)	7(1)	7(1)	7(1)	7(1)	7(1)	7(1)	7(1)	7(1)	7(1)	7(1)	7(1)	7(1)	7(1)	7(1)	7(1)	7(1)	7(1)	7(1)	7(1)	7(1)	7(1)	7(1)	7(1)	7(1)	7(1)	7(1)	7(1)	7(1)	7(1)	7(1)	7(1)	7(1)	7(1)	7(1)	7(1)	7(1)	7(1)	7(1)	7(1)	7(1)	7(1)	7(1)	7(1)	7(1)	7(1)	7(1)	7(1)	7(1)	7(1)	7(1)	7(1)	7(1)	7(1)	7(1)	7(1)	7(1)	7(1)	7(1)	7(1)	7(1)	7(1)	7(1)	7(1)	7(1)	7(1)	7(1)	7(1)	7(1)	7(1)	7(1)	7(1)	7(1)	7(1)	7(1)	
