Taxonomy ID
224324
439481
438753
525909
224325
441768
272557
666510
290399
176299
224326
206672
224308
226186
272562
324602
497964
196627
246194
521003
407148
115713
290398
414004
517418
469383
243164
469381
243230
309799
511145
445932
381764
190304
379066
420246
64091
415426
608538
362976
453591
374847
521045
266940
313628
355276
523794
321967
188937
419665
456442
259564
481448
243232
190192
561304
547558
58051
272635
504728
399549
526227
420247
349307
192952
187420
757418
348780
330214
228908
387092
436308
103690
221109
272844
765952
208964
259536
186497
70601
357804
521674
403833
272843
178306
243090
518766
272947
267608
266117
653733
158879
399550
519441
273057
526218
299768
99287
436114
1148
273075
484019
498848
593117
447454
243274
525903
243276
368408
390874
649638
525904
300852
273116
289376
565575
580331
309798